2016 01 01 09 38
2016 01 02 02 29
2016 01 02 09 04
2016 01 03 01 48
2016 01 03 02 56
2016 01 03 12 24
2016 01 03 12 54
2016 01 04 03 21
2016 01 04 05 21
2016 01 04 17 35
2016 01 04 23 38
2016 01 06 02 41
2016 01 06 06 52
2016 01 06 15 23
2016 01 06 17 18
2016 01 06 22 38
2016 01 07 04 25
2016 01 07 05 20
2016 01 07 15 58
2016 01 07 18 24
2016 01 08 03 27
2016 01 08 17 12
2016 01 08 18 31
2016 01 08 19 07
2016 01 08 19 44
2016 01 09 12 26
2016 01 09 18 44
2016 01 09 23 23
2016 01 10 03 01
2016 01 10 05 11
2016 01 10 16 09
2016 01 11 16 37
2016 01 11 22 48
2016 01 11 23 12
2016 01 12 16 05
2016 01 12 17 28
2016 01 12 21 36
2016 01 12 23 50
2016 01 13 07 33
2016 01 13 12 36
2016 01 13 14 32
2016 01 14 04 24
2016 01 14 08 37
2016 01 14 19 51
2016 01 14 19 51
2016 01 15 10 09
2016 01 15 19 08
2016 01 17 00 23
2016 01 17 09 09
2016 01 17 16 42
2016 01 18 07 41
2016 01 18 09 38
2016 01 18 10 03
2016 01 18 11 27
2016 01 18 18 53
2016 01 18 19 46
2016 01 19 02 11
2016 01 19 05 14
2016 01 19 10 38
2016 01 19 22 45
2016 01 20 03 08
2016 01 20 05 03
2016 01 20 16 42
2016 01 21 00 00
2016 01 21 09 48
2016 01 21 10 55
2016 01 21 16 07
2016 01 22 09 43
2016 01 22 11 32
2016 01 22 14 11
2016 01 22 22 03
2016 01 23 01 38
2016 01 24 01 40
2016 01 24 06 04
2016 01 24 08 07
2016 01 25 00 48
2016 01 25 01 14
2016 01 25 03 07
2016 01 25 15 17
2016 01 26 15 14
2016 01 26 16 16
2016 01 26 16 30
2016 01 26 18 18
2016 01 26 18 28
2016 01 26 20 05
2016 01 27 03 18
2016 01 27 10 07
2016 01 27 12 42
2016 01 28 04 17
2016 01 28 12 46
2016 02 01 00 03
2016 02 01 03 11
2016 02 01 13 17
2016 02 01 15 18
2016 02 01 23 52
2016 02 02 03 19
2016 02 02 06 35
2016 02 02 10 49
2016 02 02 18 18
2016 02 02 21 39
2016 02 02 22 41
2016 02 03 07 43
2016 02 03 10 43
2016 02 03 22 19
2016 02 04 02 46
2016 02 04 02 58
2016 02 04 08 11
2016 02 04 09 20
2016 02 04 12 54
2016 02 04 16 47
2016 02 05 04 57
2016 02 05 09 32
2016 02 05 12 10
2016 02 06 08 59
2016 02 06 10 37
2016 02 06 10 46
2016 02 06 13 19
2016 02 06 18 15
2016 02 06 22 46
2016 02 07 14 54
2016 02 07 20 48
2016 02 07 23 10
2016 02 08 13 51
2016 02 09 02 52
2016 02 09 04 28
2016 02 09 04 34
2016 02 10 13 12
2016 02 11 01 09
2016 02 11 16 34
2016 02 12 01 39
2016 02 12 12 52
2016 02 12 16 01
2016 02 13 03 26
2016 02 13 10 59
2016 02 13 16 41
2016 02 13 18 00
2016 02 13 22 28
2016 02 14 01 13
2016 02 14 10 44
2016 02 14 12 49
2016 02 14 12 53
2016 02 15 04 41
2016 02 15 11 15
2016 02 15 17 01
2016 02 16 02 06
2016 02 16 11 25
2016 02 16 23 16
2016 02 16 23 50
2016 02 17 01 10
2016 02 17 05 10
2016 02 17 06 43
2016 02 17 08 19
2016 02 17 08 27
2016 02 17 13 11
2016 02 17 15 48
2016 02 17 21 13
2016 02 18 08 42
2016 02 18 18 48
2016 02 18 21 59
2016 02 20 13 45
2016 02 20 23 42
2016 02 22 06 28
2016 02 22 08 32
2016 02 22 10 52
2016 02 23 01 15
2016 02 23 01 37
2016 02 23 03 13
2016 02 23 19 25
2016 02 24 12 47
2016 02 24 16 12
2016 02 25 12 41
2016 02 25 14 53
2016 02 26 01 49
2016 02 26 08 08
2016 02 26 11 11
2016 02 26 18 01
2016 02 26 19 24
2016 02 26 22 16
2016 02 26 23 34
2016 02 27 10 07
2016 02 27 10 54
2016 02 27 12 48
2016 02 27 15 05
2016 02 27 17 09
2016 02 28 07 48
2016 02 28 09 55
2016 02 28 16 24
2016 03 01 05 27
2016 03 01 16 25
2016 03 02 13 46
2016 03 03 21 34
2016 03 04 07 32
2016 03 05 07 54
2016 03 05 15 07
2016 03 06 08 34
2016 03 06 16 06
2016 03 06 18 37
2016 03 07 12 25
2016 03 07 22 20
2016 03 08 20 01
2016 03 09 11 46
2016 03 09 18 30
2016 03 10 02 33
2016 03 10 18 38
2016 03 10 20 42
2016 03 11 05 32
2016 03 11 08 33
2016 03 11 10 05
2016 03 11 16 09
2016 03 12 02 18
2016 03 12 10 27
2016 03 12 19 28
2016 03 13 17 11
2016 03 14 11 14
2016 03 14 23 11
2016 03 15 21 25
2016 03 15 22 27
2016 03 16 02 52
2016 03 16 06 49
2016 03 16 11 17
2016 03 16 14 08
2016 03 16 15 43
2016 03 16 23 15
2016 03 17 04 18
2016 03 17 09 05
2016 03 17 19 26
2016 03 18 15 13
2016 03 18 18 56
2016 03 19 08 32
2016 03 19 19 18
2016 03 20 00 42
2016 03 20 02 58
2016 03 21 02 33
2016 03 21 03 21
2016 03 21 05 21
2016 03 21 12 30
2016 03 21 16 48
2016 03 21 17 03
2016 03 22 05 25
2016 03 22 05 54
2016 03 22 21 03
2016 03 22 23 02
2016 03 23 02 14
2016 03 23 03 55
2016 03 23 08 51
2016 03 23 10 34
2016 03 23 16 19
2016 03 23 19 59
2016 03 24 02 23
2016 03 24 19 57
2016 03 24 20 05
2016 03 25 05 09
2016 03 25 05 11
2016 03 25 08 53
2016 03 25 12 10
2016 03 25 13 31
2016 03 25 18 29
2016 03 25 20 16
2016 03 26 23 17
2016 03 27 15 48
2016 03 27 19 26
2016 03 28 10 07
2016 03 28 12 32
2016 04 01 01 40
2016 04 01 04 34
2016 04 02 23 48
2016 04 03 11 54
2016 04 03 17 01
2016 04 03 22 54
2016 04 04 06 06
2016 04 04 06 29
2016 04 04 20 53
2016 04 05 14 30
2016 04 06 13 44
2016 04 07 00 38
2016 04 07 01 37
2016 04 07 01 38
2016 04 07 05 38
2016 04 07 16 53
2016 04 07 18 01
2016 04 08 03 20
2016 04 09 02 44
2016 04 09 08 04
2016 04 09 11 32
2016 04 09 15 27
2016 04 10 01 20
2016 04 10 19 11
2016 04 11 04 05
2016 04 11 09 15
2016 04 12 12 27
2016 04 12 20 14
2016 04 13 18 53
2016 04 14 02 21
2016 04 14 16 17
2016 04 14 16 25
2016 04 17 00 51
2016 04 17 03 01
2016 04 17 15 02
2016 04 17 21 29
2016 04 17 23 32
2016 04 18 03 14
2016 04 18 03 41
2016 04 18 06 26
2016 04 18 08 51
2016 04 18 13 41
2016 04 19 06 58
2016 04 19 07 13
2016 04 19 08 18
2016 04 19 10 52
2016 04 20 00 33
2016 04 20 08 57
2016 04 20 17 33
2016 04 22 05 35
2016 04 22 18 24
2016 04 23 12 06
2016 04 24 11 30
2016 04 25 14 06
2016 04 25 19 36
2016 04 26 15 27
2016 04 26 22 30
2016 04 27 10 01
2016 04 27 15 14
2016 05 01 03 09
2016 05 01 04 50
2016 05 01 16 30
2016 05 03 21 21
2016 05 04 09 46
2016 05 04 13 46
2016 05 05 14 12
2016 05 06 05 57
2016 05 06 09 25
2016 05 06 13 44
2016 05 06 23 23
2016 05 07 01 41
2016 05 07 15 47
2016 05 07 21 29
2016 05 08 02 07
2016 05 08 05 19
2016 05 08 16 18
2016 05 08 22 41
2016 05 09 05 37
2016 05 09 14 57
2016 05 09 18 51
2016 05 10 06 40
2016 05 10 10 32
2016 05 10 21 00
2016 05 10 22 11
2016 05 11 01 06
2016 05 11 01 42
2016 05 11 04 16
2016 05 11 04 18
2016 05 11 11 14
2016 05 11 15 33
2016 05 11 20 01
2016 05 12 02 58
2016 05 12 22 41
2016 05 13 01 17
2016 05 13 11 16
2016 05 13 15 00
2016 05 13 16 02
2016 05 14 00 52
2016 05 14 02 03
2016 05 14 04 23
2016 05 14 06 14
2016 05 14 12 31
2016 05 14 13 21
2016 05 14 16 45
2016 05 14 23 54
2016 05 15 04 44
2016 05 15 11 26
2016 05 15 13 55
2016 05 15 19 19
2016 05 17 06 10
2016 05 17 13 14
2016 05 17 14 04
2016 05 17 15 16
2016 05 18 04 06
2016 05 18 18 11
2016 05 19 05 50
2016 05 19 09 25
2016 05 19 10 45
2016 05 19 12 18
2016 05 20 07 18
2016 05 20 09 13
2016 05 20 11 01
2016 05 21 16 12
2016 05 21 20 49
2016 05 21 21 49
2016 05 22 06 24
2016 05 22 11 52
2016 05 22 18 19
2016 05 23 03 38
2016 05 24 00 00
2016 05 24 01 11
2016 05 24 08 59
2016 05 24 09 18
2016 05 24 17 35
2016 05 24 17 46
2016 05 24 22 23
2016 05 25 13 43
2016 05 25 17 37
2016 05 26 06 54
2016 05 26 13 08
2016 05 26 14 22
2016 05 27 07 43
2016 05 27 15 39
2016 05 28 03 52
2016 05 28 04 53
2016 05 28 14 48
2016 05 28 20 37
2016 06 01 08 56
2016 06 01 10 46
2016 06 01 12 26
2016 06 01 13 19
2016 06 01 19 49
2016 06 01 21 35
2016 06 02 02 16
2016 06 02 02 34
2016 06 02 17 02
2016 06 03 02 03
2016 06 03 14 01
2016 06 03 14 58
2016 06 04 11 41
2016 06 04 18 04
2016 06 04 18 59
2016 06 05 03 15
2016 06 05 06 59
2016 06 05 07 12
2016 06 05 12 21
2016 06 05 15 03
2016 06 06 00 19
2016 06 06 01 53
2016 06 06 08 54
2016 06 06 10 42
2016 06 07 00 50
2016 06 07 07 36
2016 06 07 22 56
2016 06 08 00 59
2016 06 08 06 03
2016 06 08 11 44
2016 06 08 12 29
2016 06 08 19 58
2016 06 09 04 40
2016 06 09 06 12
2016 06 09 13 53
2016 06 10 08 59
2016 06 10 11 31
2016 06 12 00 37
2016 06 12 11 34
2016 06 12 23 23
2016 06 12 23 43
2016 06 13 04 51
2016 06 13 05 47
2016 06 14 01 04
2016 06 14 18 01
2016 06 14 19 08
2016 06 14 21 07
2016 06 15 10 01
2016 06 15 12 41
2016 06 16 16 14
2016 06 16 16 19
2016 06 16 16 53
2016 06 16 20 29
2016 06 17 08 58
2016 06 17 16 14
2016 06 17 19 43
2016 06 18 03 07
2016 06 18 11 01
2016 06 19 11 11
2016 06 19 20 58
2016 06 20 06 07
2016 06 20 14 52
2016 06 21 12 41
2016 06 21 17 56
2016 06 22 01 12
2016 06 22 09 55
2016 06 22 15 11
2016 06 22 18 05
2016 06 23 08 55
2016 06 23 09 52
2016 06 23 20 20
2016 06 23 21 56
2016 06 23 22 28
2016 06 23 23 35
2016 06 24 18 59
2016 06 25 03 20
2016 06 25 03 41
2016 06 25 08 55
2016 06 25 17 36
2016 06 25 21 20
2016 06 25 23 19
2016 06 26 10 44
2016 06 26 16 12
2016 06 27 02 53
2016 06 27 06 14
2016 06 27 19 18
2016 06 27 23 40
2016 06 28 00 53
2016 06 28 01 06
2016 06 28 06 33
2016 06 28 11 59
2016 06 28 14 18
2016 06 28 17 37
2016 06 28 21 42
2016 06 28 22 37
2016 06 28 23 16
2016 07 01 07 20
2016 07 01 10 07
2016 07 01 22 03
2016 07 01 23 22
2016 07 02 03 13
2016 07 02 08 53
2016 07 02 10 10
2016 07 02 15 36
2016 07 02 20 24
2016 07 03 09 59
2016 07 03 11 18
2016 07 03 19 22
2016 07 04 13 15
2016 07 04 19 43
2016 07 05 08 35
2016 07 05 11 30
2016 07 06 11 25
2016 07 06 12 44
2016 07 06 14 16
2016 07 06 21 51
2016 07 07 00 56
2016 07 07 04 16
2016 07 07 06 27
2016 07 07 08 30
2016 07 07 17 40
2016 07 07 20 52
2016 07 08 22 59
2016 07 09 06 15
2016 07 09 07 43
2016 07 09 18 36
2016 07 10 09 02
2016 07 10 19 12
2016 07 11 05 03
2016 07 11 08 02
2016 07 11 22 14
2016 07 12 19 33
2016 07 12 20 59
2016 07 13 19 11
2016 07 13 20 58
2016 07 13 21 10
2016 07 14 16 42
2016 07 15 05 42
2016 07 15 09 09
2016 07 16 05 55
2016 07 16 06 21
2016 07 16 13 49
2016 07 16 16 38
2016 07 17 08 27
2016 07 17 15 47
2016 07 17 22 12
2016 07 18 07 40
2016 07 18 15 26
2016 07 18 18 30
2016 07 19 09 36
2016 07 19 15 21
2016 07 20 12 53
2016 07 20 17 54
2016 07 20 18 28
2016 07 20 22 11
2016 07 21 02 00
2016 07 22 06 19
2016 07 22 16 10
2016 07 23 14 12
2016 07 23 15 39
2016 07 23 18 24
2016 07 24 02 45
2016 07 24 07 14
2016 07 24 11 24
2016 07 24 13 07
2016 07 24 15 27
2016 07 25 01 18
2016 07 25 02 25
2016 07 25 05 27
2016 07 25 06 14
2016 07 25 14 45
2016 07 25 15 34
2016 07 27 03 34
2016 07 27 03 47
2016 07 27 07 02
2016 07 27 08 13
2016 07 27 12 01
2016 07 27 13 26
2016 07 28 05 03
2016 07 28 07 04
2016 07 28 14 16
2016 07 28 16 26
2016 08 01 01 21
2016 08 01 06 49
2016 08 01 18 47
2016 08 02 15 47
2016 08 02 22 37
2016 08 03 21 25
2016 08 04 20 21
2016 08 04 23 37
2016 08 06 06 14
2016 08 06 17 30
2016 08 06 19 41
2016 08 07 00 46
2016 08 07 02 18
2016 08 07 22 19
2016 08 08 01 51
2016 08 08 21 06
2016 08 09 08 19
2016 08 09 09 47
2016 08 09 12 38
2016 08 10 08 50
2016 08 11 05 27
2016 08 11 08 06
2016 08 11 10 00
2016 08 11 10 50
2016 08 11 23 16
2016 08 12 12 45
2016 08 12 13 06
2016 08 12 21 48
2016 08 13 10 02
2016 08 13 11 26
2016 08 14 11 00
2016 08 14 13 47
2016 08 15 03 40
2016 08 15 07 08
2016 08 15 07 51
2016 08 15 09 47
2016 08 15 19 07
2016 08 15 23 17
2016 08 16 21 23
2016 08 17 14 35
2016 08 18 04 56
2016 08 18 06 43
2016 08 18 10 05
2016 08 19 03 42
2016 08 19 17 03
2016 08 20 05 13
2016 08 20 10 59
2016 08 20 14 12
2016 08 20 15 23
2016 08 20 22 24
2016 08 20 22 58
2016 08 21 00 43
2016 08 21 22 21
2016 08 22 04 47
2016 08 22 14 26
2016 08 23 07 26
2016 08 24 01 37
2016 08 24 16 40
2016 08 24 17 19
2016 08 25 07 24
2016 08 25 20 12
2016 08 25 22 22
2016 08 26 05 39
2016 08 26 17 34
2016 08 26 17 49
2016 08 27 00 18
2016 08 27 03 01
2016 08 27 23 26
2016 08 28 04 25
2016 08 28 09 46
2016 09 01 02 41
2016 09 01 10 43
2016 09 01 12 48
2016 09 01 12 56
2016 09 01 13 14
2016 09 01 14 40
2016 09 01 18 25
2016 09 02 17 46
2016 09 03 04 42
2016 09 03 08 32
2016 09 03 15 25
2016 09 04 02 22
2016 09 04 04 30
2016 09 04 06 16
2016 09 04 17 11
2016 09 05 04 35
2016 09 05 10 53
2016 09 06 16 42
2016 09 06 20 11
2016 09 07 22 26
2016 09 08 00 52
2016 09 08 08 44
2016 09 08 09 42
2016 09 08 11 25
2016 09 08 14 23
2016 09 08 20 21
2016 09 09 02 01
2016 09 09 03 28
2016 09 09 07 33
2016 09 09 12 26
2016 09 09 13 40
2016 09 09 14 40
2016 09 09 16 41
2016 09 09 21 30
2016 09 10 07 58
2016 09 10 15 38
2016 09 10 19 52
2016 09 12 19 32
2016 09 12 21 36
2016 09 13 05 53
2016 09 13 06 22
2016 09 13 09 15
2016 09 13 11 16
2016 09 13 22 43
2016 09 14 00 12
2016 09 14 07 33
2016 09 14 07 50
2016 09 14 14 00
2016 09 14 14 01
2016 09 14 14 53
2016 09 14 17 54
2016 09 14 18 26
2016 09 15 08 26
2016 09 16 08 43
2016 09 16 20 12
2016 09 16 23 10
2016 09 18 07 53
2016 09 18 12 53
2016 09 18 17 20
2016 09 18 20 19
2016 09 19 03 36
2016 09 19 04 28
2016 09 19 06 43
2016 09 19 07 01
2016 09 21 05 02
2016 09 21 12 41
2016 09 21 13 17
2016 09 21 19 38
2016 09 21 20 52
2016 09 22 21 12
2016 09 23 00 19
2016 09 23 08 36
2016 09 23 15 16
2016 09 23 22 28
2016 09 24 04 20
2016 09 24 20 50
2016 09 25 08 58
2016 09 25 11 44
2016 09 27 01 55
2016 09 27 02 59
2016 09 27 10 41
2016 09 27 17 20
2016 09 27 20 15
2016 09 28 01 08
2016 09 28 04 29
2016 09 28 07 45
2016 09 28 15 32
2016 09 28 17 58
2016 09 28 20 22
2016 10 01 03 45
2016 10 01 16 31
2016 10 01 19 11
2016 10 01 22 25
2016 10 02 01 12
2016 10 02 13 15
2016 10 03 03 34
2016 10 03 21 47
2016 10 04 17 57
2016 10 05 02 40
2016 10 05 15 55
2016 10 05 20 41
2016 10 07 00 07
2016 10 07 07 49
2016 10 07 20 33
2016 10 07 21 10
2016 10 07 21 55
2016 10 08 15 45
2016 10 09 00 16
2016 10 10 10 43
2016 10 10 16 06
2016 10 10 17 45
2016 10 11 05 00
2016 10 11 08 07
2016 10 11 09 29
2016 10 11 11 44
2016 10 11 19 15
2016 10 11 21 02
2016 10 11 21 32
2016 10 12 18 39
2016 10 13 04 06
2016 10 13 15 24
2016 10 13 18 47
2016 10 14 10 00
2016 10 14 16 47
2016 10 14 21 02
2016 10 14 23 45
2016 10 15 06 07
2016 10 15 14 06
2016 10 15 15 04
2016 10 15 15 38
2016 10 15 18 46
2016 10 16 00 07
2016 10 16 12 38
2016 10 16 13 30
2016 10 16 14 35
2016 10 16 16 06
2016 10 17 08 02
2016 10 18 00 18
2016 10 18 03 19
2016 10 18 04 38
2016 10 18 21 25
2016 10 18 22 26
2016 10 19 01 25
2016 10 19 01 56
2016 10 19 18 42
2016 10 19 22 21
2016 10 20 15 20
2016 10 20 15 24
2016 10 21 00 18
2016 10 23 18 22
2016 10 23 22 21
2016 10 23 23 37
2016 10 24 16 05
2016 10 24 17 47
2016 10 24 19 59
2016 10 25 08 48
2016 10 26 06 20
2016 10 26 20 22
2016 10 26 22 13
2016 10 26 23 33
2016 10 27 02 03
2016 10 27 10 03
2016 10 27 19 55
2016 10 28 01 36
2016 10 28 01 52
2016 10 28 09 02
2016 10 28 13 07
2016 11 01 09 07
2016 11 01 12 06
2016 11 01 15 13
2016 11 01 21 41
2016 11 01 21 51
2016 11 02 02 10
2016 11 02 09 47
2016 11 02 19 40
2016 11 02 23 10
2016 11 03 03 18
2016 11 03 09 32
2016 11 03 14 28
2016 11 03 21 41
2016 11 03 21 54
2016 11 04 05 31
2016 11 04 22 32
2016 11 05 01 49
2016 11 05 18 59
2016 11 05 21 20
2016 11 05 23 55
2016 11 06 01 42
2016 11 06 04 49
2016 11 06 13 17
2016 11 07 16 51
2016 11 08 11 27
2016 11 08 18 55
2016 11 09 19 18
2016 11 10 03 36
2016 11 10 03 49
2016 11 10 11 51
2016 11 11 08 12
2016 11 11 08 57
2016 11 12 13 42
2016 11 12 15 59
2016 11 12 22 56
2016 11 13 12 33
2016 11 13 16 05
2016 11 13 19 10
2016 11 14 03 57
2016 11 14 16 54
2016 11 14 17 43
2016 11 15 13 33
2016 11 15 14 46
2016 11 16 04 05
2016 11 17 20 57
2016 11 18 08 00
2016 11 18 13 48
2016 11 18 15 54
2016 11 19 07 21
2016 11 19 12 29
2016 11 20 12 26
2016 11 20 15 14
2016 11 21 10 45
2016 11 21 10 50
2016 11 21 12 51
2016 11 21 22 32
2016 11 22 02 25
2016 11 22 03 21
2016 11 22 03 39
2016 11 22 10 39
2016 11 22 20 29
2016 11 22 22 20
2016 11 23 12 46
2016 11 24 00 10
2016 11 24 10 55
2016 11 24 18 58
2016 11 25 04 47
2016 11 25 11 11
2016 11 25 18 53
2016 11 26 07 03
2016 11 27 01 05
2016 11 27 05 41
2016 11 27 16 09
2016 11 28 06 53
2016 11 28 11 46
2016 11 28 15 36
2016 11 28 16 22
2016 11 28 21 25
2016 12 01 19 49
2016 12 02 06 46
2016 12 02 10 01
2016 12 02 13 47
2016 12 02 14 47
2016 12 02 19 31
2016 12 03 00 52
2016 12 03 13 38
2016 12 03 19 55
2016 12 04 00 01
2016 12 04 12 29
2016 12 04 14 53
2016 12 04 19 05
2016 12 05 05 03
2016 12 05 12 56
2016 12 06 03 05
2016 12 06 05 29
2016 12 06 05 37
2016 12 06 16 01
2016 12 07 02 25
2016 12 07 12 47
2016 12 07 16 45
2016 12 08 02 45
2016 12 08 06 06
2016 12 08 12 48
2016 12 08 13 51
2016 12 09 09 41
2016 12 09 10 38
2016 12 09 15 10
2016 12 09 21 16
2016 12 10 12 35
2016 12 10 22 54
2016 12 11 10 34
2016 12 11 11 18
2016 12 11 13 42
2016 12 11 14 01
2016 12 11 18 55
2016 12 12 00 00
2016 12 12 01 29
2016 12 12 13 36
2016 12 12 15 47
2016 12 12 17 17
2016 12 14 06 41
2016 12 14 22 12
2016 12 15 15 50
2016 12 16 07 39
2016 12 16 12 25
2016 12 16 13 47
2016 12 16 18 25
2016 12 16 19 39
2016 12 17 03 13
2016 12 17 03 51
2016 12 17 15 18
2016 12 17 15 55
2016 12 17 21 34
2016 12 18 00 51
2016 12 18 05 55
2016 12 18 09 57
2016 12 18 10 46
2016 12 18 12 08
2016 12 18 13 39
2016 12 18 14 19
2016 12 19 04 58
2016 12 19 13 55
2016 12 20 17 02
2016 12 20 17 38
2016 12 20 23 01
2016 12 21 01 48
2016 12 22 02 32
2016 12 22 12 29
2016 12 23 08 42
2016 12 23 09 00
2016 12 23 17 45
2016 12 23 23 06
2016 12 24 01 24
2016 12 24 04 49
2016 12 24 17 58
2016 12 25 05 50
2016 12 25 13 27
2016 12 25 19 40
2016 12 26 00 43
2016 12 26 04 55
2016 12 26 06 41
2016 12 26 15 11
2016 12 26 21 56
2016 12 26 23 06
2016 12 27 23 02
2016 12 27 23 08
2016 12 28 07 42
2016 12 28 10 24
2016 12 28 11 53
2016 12 28 16 03
